in = 1.800000e+00
net-_m1-pad3_ = 8.961609e-01
net-_m2-pad3_ = 8.961609e-01
net-_m3-pad1_ = 1.800000e+00
net-_m3-pad3_ = 8.962517e-01
net-_m6-pad1_ = 2.696161e+00
out = 8.961609e-01
